rnbakabnr__________c_____c_p_p_p_p_p_________P__________P_P_P_P_C_____C__________RNBAKABNR,((6, 0), (5, 0)),-1
rnbakabnr__________c_______p_p_p_p_p_______c_P__________P_P_P_P_C_____C__________RNBAKABNR,((2, 7), (4, 7)),-1
rnbakabnr__________c_______p_p_p_p_p_______c_P__________P_P_P_P_C____C___________RNBAKABNR,((7, 7), (7, 6)),-1
rnbakabnr_____________c____p_p_p_p_p_______c_P__________P_P_P_P_C____C___________RNBAKABNR,((2, 1), (2, 4)),-1
rnbakabnr_____________c____p_p_p_p_p_______c_P__________P_P_P_P_CN___C___________R_BAKABNR,((9, 1), (7, 2)),-1
rnbakabnr___________c______p_p_p_p_p_______c_P__________P_P_P_P_CN___C___________R_BAKABNR,((2, 4), (2, 2)),-1
rnbakabnr___________c______p_p_p_p_p_______c_P__________P_P_P_P_CN___C__R__________BAKABNR,((9, 0), (8, 0)),-1
rnbakabnr___________c________p_p_p_pp______c_P__________P_P_P_P_CN___C__R__________BAKABNR,((3, 0), (4, 0)),-1
rnbakabnr___________c________p_p_p_ppC_____c_P__________P_P_P_P__N___C__R__________BAKABNR,((7, 1), (4, 1)),-1
rnbakabnr_______c___c________p_p_p_ppC_______P__________P_P_P_P__N___C__R__________BAKABNR,((4, 7), (1, 7)),-1
rnbakabnr_______c___c________p_p_p_ppC_______P__________P_P_P_P______C__R_________NBAKABNR,((7, 2), (9, 1)),-1
r_bakabnr_______c_n_c________p_p_p_ppC_______P__________P_P_P_P______C__R_________NBAKABNR,((0, 1), (2, 0)),-1
r_bakabnr_______c_n_c________p_p_p_ppC_______P__________P_P_P_P______C_RR_________NBAKABN_,((9, 8), (7, 8)),-1
r_bakabnr_______c_n____c_____p_p_p_ppC_______P__________P_P_P_P______C_RR_________NBAKABN_,((2, 2), (2, 5)),-1
r_bakabnr_______c_n____c_____p_p_p_ppC_______P__________P_P_P_P______CR_R_________NBAKABN_,((7, 8), (7, 7)),-1
r_bakabnr_______c_n______c___p_p_p_ppC_______P__________P_P_P_P______CR_R_________NBAKABN_,((2, 5), (2, 7)),-1
r_bakabnr_______c_n______c___p_p_p_ppC_______P__________P_P_P_P______C_RR_________NBAKABN_,((7, 7), (7, 8)),-1
r_bakabnr_______c_n__________p_p_p_ppC_______P__________P_P_P_P______C_RR______c__NBAKABN_,((2, 7), (8, 7)),-1
r_bakabnr_______c_n__________p_p_p_ppC_______P__________P_P_P_P______CR_R______c__NBAKABN_,((7, 8), (7, 7)),-1
r_bakabnr_____c___n__________p_p_p_ppC_______P__________P_P_P_P______CR_R______c__NBAKABN_,((1, 7), (1, 5)),-1
r_bakabnr_____c___n__________p_p_p_pp_____C__P__________P_P_P_P______CR_R______c__NBAKABN_,((4, 1), (4, 6)),-1
r_b_kabnr____ac___n__________p_p_p_pp_____C__P__________P_P_P_P______CR_R______c__NBAKABN_,((0, 3), (1, 4)),-1
r_b_kabnr____ac___n__________p_p_p_pp_____C__P__________P_P_P_P_____C_R_R______c__NBAKABN_,((7, 6), (7, 5)),-1
r_b_kabnr____a____n__________p_pcp_pp_____C__P__________P_P_P_P_____C_R_R______c__NBAKABN_,((1, 5), (3, 5)),-1
r_b_kabnr____a____n__________p_pcp_pp_____C__P__________P_P_P_P_____C_R________c_RNBAKABN_,((8, 0), (9, 0)),-1
r_b_ka_nr____a____n_______b__p_pcp_pp_____C__P__________P_P_P_P_____C_R________c_RNBAKABN_,((0, 6), (2, 8)),-1
r_b_ka_nr____a____n_______b__p_pcp_pp__C_____P__________P_P_P_P_____C_R________c_RNBAKABN_,((4, 6), (4, 3)),-1
r_b_ka_nr____a____n_______b____pcp_pp_pC_____P__________P_P_P_P_____C_R________c_RNBAKABN_,((3, 2), (4, 2)),-1
r_b_ka_nr____a____n_______b____pcp_pp_pC_____P__________P_P_P_P______CR________c_RNBAKABN_,((7, 5), (7, 6)),-1
r_b_ka_nr____a____n_______b____pcp_pp_pC_____P__________P_P_P_P______CR_c________RNBAKABN_,((8, 7), (8, 0)),-1
r_b_ka_nr____a____n_______b____pcp_pp_pC_____P__________P_P_P_P______CR_R_________NBAKABN_,((9, 0), (8, 0)),-1
r_b_ka__r____an___n_______b____pcp_pp_pC_____P__________P_P_P_P______CR_R_________NBAKABN_,((0, 7), (1, 5)),-1
r_b_ka__r____an___n_______b____pcp_pp_pC_____P__________P_P_P_P____B_CR_R_________NBAKA_N_,((9, 6), (7, 4)),-1
r_b_ka__r____an___n_______b____pcp__p_pC____pP__________P_P_P_P____B_CR_R_________NBAKA_N_,((3, 8), (4, 8)),-1
r_b_ka__r____an___n_______b____pcp__p_pC____pP___P______P___P_P____B_CR_R_________NBAKA_N_,((6, 4), (5, 4)),-1
r_b_kar______an___n_______b____pcp__p_pC____pP___P______P___P_P____B_CR_R_________NBAKA_N_,((0, 8), (0, 6)),-1
r_b_kar______an___n_______b____pcp__p_pC____pP___P______P___P_P____B__R_R_____C___NBAKA_N_,((7, 6), (8, 6)),-1
r_b_kar______an___n_______b____pcp__p__C____pP_p_P______P___P_P____B__R_R_____C___NBAKA_N_,((4, 2), (5, 2)),-1
r_b_kar______an___n_______b____pcp__p__C____pP_p_P______P___PRP____B____R_____C___NBAKA_N_,((7, 7), (6, 7)),-1
r_b_kar______an___________b____pcp__pn_C____pP_p_P______P___PRP____B____R_____C___NBAKA_N_,((2, 0), (4, 1)),-1
r_b_kar______an___________b____pcp__pn_CP___pP_p________P___PRP____B____R_____C___NBAKA_N_,((5, 4), (4, 4)),-1
r_b_kar______an___________b____pcp__pn_CP____P_p_____p__P___PRP____B____R_____C___NBAKA_N_,((4, 8), (5, 8)),-1
r_b_kar______an___________b____pcp__pn_CP____P_p_____p__P___P_P____B____R_____CR__NBAKA_N_,((6, 7), (8, 7)),-1
r_b_kar______an___________b____pcp__pn_CP____P_p____p___P___P_P____B____R_____CR__NBAKA_N_,((5, 8), (5, 7)),-1
r_b_kar______an___________b____pcp__pn_CP____P_p____p___P___P_P____B____R___A_CR__NB_KA_N_,((9, 3), (8, 4)),-1
r_b_kar______an_____n_____b____pcp__p__CP____P_p____p___P___P_P____B____R___A_CR__NB_KA_N_,((4, 1), (2, 2)),-1
r_b_kar______an_____n_____b____pcp__p___P____P_p____p___P___P_P____B____R___A_CR__NBCKA_N_,((4, 3), (9, 3)),-1
__b_kar__r___an_____n_____b____pcp__p___P____P_p____p___P___P_P____B____R___A_CR__NBCKA_N_,((0, 0), (1, 0)),-1
__b_kar__r___an_____n_____b___Cpcp__p___P____P_p____p___P___P_P____B____R___A_CR__NB_KA_N_,((9, 3), (3, 3)),-1
__b_kar__r___an_____n_____b___Cpcp__p___P____P_p_____p__P___P_P____B____R___A_CR__NB_KA_N_,((5, 7), (5, 8)),-1
__b_kar__r___an_____n_____b___Cpcp__p___P____P_p_____p__P___P_PN___B____R___A_CR___B_KA_N_,((9, 1), (7, 0)),-1
__b_kar___r__an_____n_____b___Cpcp__p___P____P_p_____p__P___P_PN___B____R___A_CR___B_KA_N_,((1, 0), (1, 1)),-1
__b_kar___r__an_____nC____b____pcp__p___P____P_p_____p__P___P_PN___B____R___A_CR___B_KA_N_,((3, 3), (2, 3)),-1
__b_ka__r_r__an_____nC____b____pcp__p___P____P_p_____p__P___P_PN___B____R___A_CR___B_KA_N_,((0, 6), (0, 8)),-1
__b_ka__r_r__an_____nC____b____pcp__p__P_____P_p_____p__P___P_PN___B____R___A_CR___B_KA_N_,((4, 4), (4, 3)),-1
__b_ka__rnr__an______C____b____pcp__p__P_____P_p_____p__P___P_PN___B____R___A_CR___B_KA_N_,((2, 2), (1, 0)),-1
__b_ka__rnr__an______C____b____pcpR_p__P_____P_p_____p__P___P_PN___B____R___A_C____B_KA_N_,((8, 7), (3, 7)),-1
__b_ka__rn__ran______C____b____pcpR_p__P_____P_p_____p__P___P_PN___B____R___A_C____B_KA_N_,((1, 1), (1, 3)),-1
__b_ka__rn__ran______C____b____pcpR_p__P_____P_p_____p__P___P_PN___B____R___A_C____BK_A_N_,((9, 4), (9, 3)),-1
__b_ka__rn__ran______C____b____p_pR_p__P_c___P_p_____p__P___P_PN___B____R___A_C____BK_A_N_,((3, 5), (4, 5)),-1
__b_ka__rn__ran______C____b____p_pR_p__P_c___P_p_____p__P___P_PN___BA___R_____C____BK_A_N_,((8, 4), (7, 5)),-1
__b_kar__n__ran______C____b____p_pR_p__P_c___P_p_____p__P___P_PN___BA___R_____C____BK_A_N_,((0, 8), (0, 6)),-1
__b_kar__n__ran______C____b____p_pR_p__P_c___P_p_____p__P___P_PN___BAC__R__________BK_A_N_,((8, 6), (7, 6)),-1
__b_ka___n__ran______C__r_b____p_pR_p__P_c___P_p_____p__P___P_PN___BAC__R__________BK_A_N_,((0, 6), (2, 6)),-1
__b_ka___n__ran______C__r_b____p_pR_p__P_c___P_p_____p__P___P_PN___BAC_NR__________BK_A___,((9, 7), (7, 8)),-1
__b_ka___n__ran______C_r__b____p_pR_p__P_c___P_p_____p__P___P_PN___BAC_NR__________BK_A___,((2, 6), (2, 5)),-1
__b_ka___n__ran______C_r__b____p_pR_p__P_c___P_p___P_p__P_____PN___BAC_NR__________BK_A___,((6, 6), (5, 6)),-1
__b_kab__n__ran______C_r_______p_pR_p__P_c___P_p___P_p__P_____PN___BAC_NR__________BK_A___,((2, 8), (0, 6)),-1
__b_kab__n__ran______C_r_______p_pR_p__P_c___P_p___P_p__P_____PN___B_C_NR___A______BK_A___,((7, 5), (8, 4)),-1
____kab__n__ran___b__C_r_______p_pR_p__P_c___P_p___P_p__P_____PN___B_C_NR___A______BK_A___,((0, 2), (2, 0)),-1
____kab__n__ran___b__C_r_______p_pR_p__P_c___P_p___P_p__P_____P____B_C_NR_N_A______BK_A___,((7, 0), (8, 2)),-1
____kab__n__ran___b__C_r_______p_pR_p__P_c___P__p__P_p__P_____P____B_C_NR_N_A______BK_A___,((5, 2), (5, 3)),-1
____kab__n__ran___b__C_r_______p_pR_p__P_c___P__p__P_p__P_____P____B_C_NR___A______BKNA___,((8, 2), (9, 4)),-1
____kab__n__ran______C_r_______p_pR_p_bP_c___P__p__P_p__P_____P____B_C_NR___A______BKNA___,((2, 0), (4, 2)),-1
____kab__n__ran______C_r_______p_pR_p_bP_c___P__p__P_p__P_____P____B_C_N___RA______BKNA___,((8, 0), (8, 3)),-1
____kab_____ran_____nC_r_______p_pR_p_bP_c___P__p__P_p__P_____P____B_C_N___RA______BKNA___,((1, 0), (2, 2)),-1
____kab_____ran_____nC_r_______p_pR_p_bP_c___P__p__P_p__P_____P____B__CN___RA______BKNA___,((7, 6), (7, 7)),-1
____kab_____ran______C_r_______p_pR_pnbP_c___P__p__P_p__P_____P____B__CN___RA______BKNA___,((2, 2), (4, 1)),-1
____kab_____ran______C_r_______p_pR_PnbP_c______p__P_p__P_____P____B__CN___RA______BKNA___,((5, 0), (4, 0)),-1
____kab_____ran______C___r_____p_pR_PnbP_c______p__P_p__P_____P____B__CN___RA______BKNA___,((2, 5), (2, 7)),-1
____kab_____ran______C___r_____p_pR_PnbP_cP_____p____p__P_____P____B__CN___RA______BKNA___,((5, 6), (4, 6)),-1
____kab_____ran______C___r_____p_pR_PnbP_cP____p_____p__P_____P____B__CN___RA______BKNA___,((5, 3), (5, 2)),-1
____kab_____ran______C___r_____p_p__PnbP_cPR___p_____p__P_____P____B__CN___RA______BKNA___,((3, 7), (4, 7)),-1
____kab_____ran_____nC___r_____p_p__P_bP_cPR___p_____p__P_____P____B__CN___RA______BKNA___,((4, 1), (2, 2)),-1
____kab_____ran_____nC___r_____p_pR_P_bP_cP____p_____p__P_____P____B__CN___RA______BKNA___,((4, 7), (3, 7)),-1
____kab_____ran_____nCr________p_pR_P_bP_cP____p_____p__P_____P____B__CN___RA______BKNA___,((2, 7), (2, 4)),-1
____kab_____ran_____nCr________p_pR_P_P__cP____p_____p__P_____P____B__CN___RA______BKNA___,((4, 3), (4, 2)),-1
____kab_____ran_____nCr________p_pR_P_P__cP__________p__p_____P____B__CN___RA______BKNA___,((5, 2), (6, 2)),-1
____kab_____ran_____nCr________p_pR_P_P__cP__________p__p_____P____B___N___RA__C___BKNA___,((7, 7), (8, 7)),-1
____kab_____ran_____nCr________p_pR_P_P__cP_____________p_____p____B___N___RA__C___BKNA___,((5, 8), (6, 8)),-1
____kab_____ran_____nCr________p_pR_P_P__cP_____________p_____p____B___NR___A__C___BKNA___,((8, 3), (8, 0)),-1
____kab_____ran_____nCr________p_pR_P_P__cP______________p____p____B___NR___A__C___BKNA___,((6, 2), (6, 3)),-1
____kab_____ran_____nCr____P___p_pR___P__cP______________p____p____B___NR___A__C___BKNA___,((4, 0), (3, 0)),-1
____kab_____ran_____nCr____P___p_pR___P___P_______c______p____p____B___NR___A__C___BKNA___,((4, 5), (5, 5)),-1
____kab_____ran_____nCr____P___p_pR___P___P_______c______p____p____B___N___RA__C___BKNA___,((8, 0), (8, 3)),-1
____kab_____r_n_____nar____P___p_pR___P___P_______c______p____p____B___N___RA__C___BKNA___,((1, 4), (2, 3)),-1
____kab_____r_n_____nar__R_P___p_p____P___P_______c______p____p____B___N___RA__C___BKNA___,((3, 7), (2, 7)),-1
____kab_____r_n_____na___r_P___p_p____P___P_______c______p____p____B___N___RA__C___BKNA___,((2, 4), (2, 7)),-1
____kab_____r_n_____na___r_P___p_p____P___P_______c______p____p____B___NR___A__C___BKNA___,((8, 3), (8, 0)),-1
____kab_____r_n_____na___r_P_____p____P_p_P_______c______p____p____B___NR___A__C___BKNA___,((3, 4), (4, 4)),-1
____kab_____r_n_____na___r_P_____p____P_p_P_______c______p____p____B___N____A__C_R_BKNA___,((8, 0), (9, 0)),-1
____kab_____r_n_____na__r__P_____p____P_p_P_______c______p____p____B___N____A__C_R_BKNA___,((2, 7), (2, 6)),-1
____kabC____r_n_____na__r__P_____p____P_p_P_______c______p____p____B___N____A____R_BKNA___,((8, 7), (0, 7)),-1
_____abC____rkn_____na__r__P_____p____P_p_P_______c______p____p____B___N____A____R_BKNA___,((0, 4), (1, 4)),-1
_____ab_____rkn_____na__r__P_____pC___P_p_P_______c______p____p____B___N____A____R_BKNA___,((0, 7), (3, 7)),-1
_____ab_____rkn______a__r__n_____pC___P_p_P_______c______p____p____B___N____A____R_BKNA___,((2, 2), (3, 0)),-1
_____ab_____rkn______a__r__n_____pC___P_p_P_______c______p____p____B________A_N__R_BKNA___,((7, 8), (8, 6)),-1
_____ab_____rkn______a__r__n_____pC___P_pcP______________p____p____B________A_N__R_BKNA___,((5, 5), (4, 5)),-1
_____ab_____rkn______a__rC_n_____p____P_pcP______________p____p____B________A_N__R_BKNA___,((3, 7), (2, 7)),-1
_____ab_____rkn_____na__rC_______p____P_pcP______________p____p____B________A_N__R_BKNA___,((3, 0), (2, 2)),-1
R____ab_____rkn_____na__rC_______p____P_pcP______________p____p____B________A_N____BKNA___,((9, 0), (0, 0)),-1
Rn___ab_____rkn______a__rC_______p____P_pcP______________p____p____B________A_N____BKNA___,((2, 2), (0, 1)),-1
_n___ab_____rkn______a__rC_______p____P_pcP___________R__p____p____B________A_N____BKNA___,((0, 0), (6, 0)),-1
_n___abn____rk_______a__rC_______p____P_pcP___________R__p____p____B________A_N____BKNA___,((1, 5), (0, 7)),-1
_n___abn____rk_______a__rC_______p____P_pcP______________p____pR___B________A_N____BKNA___,((6, 0), (7, 0)),-1
_n___abn____rk_______a__rC_______p____P_p_P_______c______p____pR___B________A_N____BKNA___,((4, 5), (5, 5)),-1
_n___abn____rk_______a__rC_______p____P_p_P_______c______p____p__R_B________A_N____BKNA___,((7, 0), (7, 2)),-1
_n___abn____rk_r_____a___C_______p____P_p_P_______c______p____p__R_B________A_N____BKNA___,((2, 6), (1, 6)),-1
_n___abn____rk_r_____a___C_______p____P_p_P_______c______p____p__RAB__________N____BKNA___,((8, 4), (7, 3)),-1
_n___abn____rkr______a___C_______p____P_p_P_______c______p____p__RAB__________N____BKNA___,((1, 6), (1, 5)),-1
_n___abn____rkr______a___C_______p____P_p_P_______c______p____pB_RAB__________N_____KNA___,((9, 2), (7, 0)),-1
_n___abn___r_kr______a___C_______p____P_p_P_______c______p____pB_RAB__________N_____KNA___,((1, 3), (1, 2)),-1
_n___abn___r_kr______a___C_______p____P_p_P_______c______p____pB_RABN_________N_____K_A___,((9, 4), (7, 5)),-1
_____abn___r_kr___n__a___C_______p____P_p_P_______c______p____pB_RABN_________N_____K_A___,((0, 1), (2, 0)),-1
_____abn___r_kr___n__a___C_______p____P_p_P_______cN_____p____pB_RAB__________N_____K_A___,((7, 5), (5, 6)),-1
_____abn___r_k____n__a___C______rp____P_p_P_______cN_____p____pB_RAB__________N_____K_A___,((1, 5), (3, 5)),-1
_____abn___r_k____n__a___C______rp____P_p_P_N_____c______p____pB_RAB__________N_____K_A___,((5, 6), (4, 8)),-1
_____abn___r_k____n__a___C______rp____P_p_P_N_______c____p____pB_RAB__________N_____K_A___,((5, 5), (5, 7)),-1
_____abn___r_k____n__a___C______rp____P_p_P_N_______c____p____pB__AB__________N____RK_A___,((7, 2), (9, 2)),-1
_____abn___r_k____n__a___C______rp____P_p_P_N_____c______p____pB__AB__________N____RK_A___,((5, 7), (5, 5)),-1
_____abn___r_k____n__a___C______rp____P_p_P_N_____c______p____pB__AB__________N___R_K_A___,((9, 2), (9, 1)),-1
_____abn___r_k____n__a_r_C_______p____P_p_P_N_____c______p____pB__AB__________N___R_K_A___,((3, 5), (2, 5)),-1
_____abn___r_k____n__a_r_C_______p____P_p_P_______c______p___NpB__AB__________N___R_K_A___,((4, 8), (6, 7)),-1
_____abn___rk_____n__a_r_C_______p____P_p_P_______c______p___NpB__AB__________N___R_K_A___,((1, 4), (1, 3)),-1
_____abn___rk_____n__a_r_C_______p____P_p_P_______c______p___NpBR_AB__________N_____K_A___,((9, 1), (7, 1)),-1
_____abn___rk_____n__a_r_C_______p____P_p_P________c_____p___NpBR_AB__________N_____K_A___,((5, 5), (5, 6)),-1
_____abn___rk_____n__a_r_C_______p____P_p_P________c_____p____pBR_ABN_________N_____K_A___,((6, 7), (7, 5)),-1
______bn___rka____n__a_r_C_______p____P_p_P________c_____p____pBR_ABN_________N_____K_A___,((0, 5), (1, 4)),-1
______bn___rka____n__a_r_C_______p____P_p_P________c_____p____pBR_AB__________N_____KNA___,((7, 5), (9, 4)),-1
______bn___rka____n__a_r_C____________P_p_p________c_____p____pBR_AB__________N_____KNA___,((3, 6), (4, 6)),-1
______bn___rka____n__a_r_C____________P_p_p________c_____p____pBR_ABN_________N_____K_A___,((9, 4), (7, 5)),-1
______bn___rka____n__a_r_C____________P_p_p________c__________pBR_pBN_________N_____K_A___,((6, 3), (7, 3)),-1
______bn___rka__C_n__a_r______________P_p_p________c__________pBR_pBN_________N_____K_A___,((2, 7), (1, 7)),-1
_____abn___rk___C_n__a_r______________P_p_p________c__________pBR_pBN_________N_____K_A___,((1, 4), (0, 5)),-1
_____abn___rk___C_n__a_r______________P_p_p________c__________pBR_pB__________N_____K_AN__,((7, 5), (9, 6)),-1
_____abn___rk___C_n__a_r______________P_p_p___________________pBR_pB_c________N_____K_AN__,((5, 6), (7, 6)),-1
_____abn___rk_____n__a_r_C____________P_p_p___________________pBR_pB_c________N_____K_AN__,((1, 7), (2, 7)),-1
_n___abn___rk________a_r_C____________P_p_p___________________pBR_pB_c________N_____K_AN__,((2, 0), (0, 1)),-1
_n___abn__Rrk________a_r_C____________P_p_p___________________pB__pB_c________N_____K_AN__,((7, 1), (1, 1)),-1
_n___abn__Rrk________a_r_C____________P___p______p____________pB__pB_c________N_____K_AN__,((4, 4), (5, 4)),-1
_n___abn__Rrk________a_r_C____________P___p______p____________pB__pB_c_____K__N_______AN__,((9, 3), (8, 3)),-1
_n___ab___Rrk________a_r_Cn___________P___p______p____________pB__pB_c_____K__N_______AN__,((0, 7), (2, 8)),-1
_n___ab____Rk________a_r_Cn___________P___p______p____________pB__pB_c_____K__N_______AN__,((1, 1), (1, 2)),-1
_n___ab____Rk________a__rCn___________P___p______p____________pB__pB_c_____K__N_______AN__,((2, 5), (2, 6)),-1
_n___ab____Rk________a__r_n___________P___p______p____________pB__pB_cC____K__N_______AN__,((2, 7), (7, 7)),-1
_n___ab____Rk________a__r_n___________P___p_______p___________pB__pB_cC____K__N_______AN__,((5, 4), (5, 5)),-1
_n___ab____Rk________a__r_n___________P___p____B__p___________p___pB_cC____K__N_______AN__,((7, 0), (5, 2)),-1
_n___ab____Rk________a__r_n___________P___p____B_p____________p___pB_cC____K__N_______AN__,((5, 5), (5, 4)),-1
_nR__ab_____k________a__r_n___________P___p____B_p____________p___pB_cC____K__N_______AN__,((1, 2), (0, 2)),-1
_nR__ab_____k________a__r_n___________P___p____B_p____________p____p_cC____K__N_______AN__,((7, 3), (7, 4)),-1
_n___ab_____k_______Ra__r_n___________P___p____B_p____________p____p_cC____K__N_______AN__,((0, 2), (2, 2)),-1
_n___ab_____k_______Ra__r_____________P___pn___B_p____________p____p_cC____K__N_______AN__,((2, 8), (4, 7)),-1
_n___ab_____k_______Ra__r_____________P___pn___B_p____________p____p_c_____K__NC______AN__,((7, 7), (8, 7)),-1
_n___ab_____k_______Ra__r_____________P___pn___B_p___________p_____p_c_____K__NC______AN__,((6, 8), (6, 7)),-1
_n___ab_____k______R_a__r_____________P___pn___B_p___________p_____p_c_____K__NC______AN__,((2, 2), (2, 1)),-1
_n___ab_____k______R_a__r_____________P___p____B_p___________pn____p_c_____K__NC______AN__,((4, 7), (6, 8)),-1
_n___ab_____k________a__r_____________P___p____B_p_____R_____pn____p_c_____K__NC______AN__,((2, 1), (6, 1)),-1
_n___ab_____k________a__r_____________P___p____B_p_c___R_____pn____p_______K__NC______AN__,((7, 6), (5, 6)),-1
_n___ab_____k________a__r_____________P___p____B_p_c____R____pn____p_______K__NC______AN__,((6, 1), (6, 2)),-1
_n___ab_____k________a__r_____________P___p____B_p__c___R____pn____p_______K__NC______AN__,((5, 6), (5, 7)),-1
_n___ab_____k________a__r_____________P___p____B_p__c______R_pn____p_______K__NC______AN__,((6, 2), (6, 5)),-1
_n___ab_____k________a___r____________P___p____B_p__c______R_pn____p_______K__NC______AN__,((2, 6), (2, 7)),-1
_n___ab_____k________a___r____________P___p____B_pR_c________pn____p_______K__NC______AN__,((6, 5), (5, 5)),-1
_n___ab_____k________ar_______________P___p____B_pR_c________pn____p_______K__NC______AN__,((2, 7), (2, 4)),-1
_n___ab_____k________ar_______________P___p______pR_c________pn____B_______K__NC______AN__,((5, 2), (7, 4)),-1
_n___ab_____k________ar_______________P___p______pR_c_________n____B__p____K__NC______AN__,((6, 7), (7, 7)),-1
_n___ab_____k________ar_______________P___p______pR_c_________n____B__p____KA_NC_______N__,((9, 5), (8, 4)),-1
_n___ab_____k________ar_______________P___p_____p_R_c_________n____B__p____KA_NC_______N__,((5, 4), (5, 3)),-1
_n___ab_____k________ar_______________P___p_____p_R_c_________n____B__p____K__NC____A__N__,((8, 4), (9, 3)),-1
_n__rab_____k________a________________P___p_____p_R_c_________n____B__p____K__NC____A__N__,((2, 4), (0, 4)),-1
_n__rab_____k________a_______________P____p_____p_R_c_________n____B__p____K__NC____A__N__,((4, 2), (4, 1)),-1
_n___ab_____k________a_______________P____p_____prR_c_________n____B__p____K__NC____A__N__,((0, 4), (5, 4)),-1
_n___ab_____k________a_______________P____p_____prR_c______N__n____B__p____K___C____A__N__,((8, 6), (6, 5)),-1
_n___ab_____k________a_______________P____p____p_rR_c______N__n____B__p____K___C____A__N__,((5, 3), (5, 2)),-1
_n___ab_____k________a__________R____P____p____p_r__c______N__n____B__p____K___C____A__N__,((5, 5), (3, 5)),-1
_____ab_____k_______na__________R____P____p____p_r__c______N__n____B__p____K___C____A__N__,((0, 1), (2, 2)),-1
_____ab_____k_______na______R________P____p____p_r__c______N__n____B__p____K___C____A__N__,((3, 5), (3, 1)),-1
_____ab__n__k________a______R________P____p____p_r__c______N__n____B__p____K___C____A__N__,((2, 2), (1, 0)),-1
_____ab__n__k________a____________R__P____p____p_r__c______N__n____B__p____K___C____A__N__,((3, 1), (3, 7)),-1
_____ab__n__k________a____________R__P____p____p_r_c_______N__n____B__p____K___C____A__N__,((5, 7), (5, 6)),-1
_____ab__n__k________a___R___________P____p____p_r_c_______N__n____B__p____K___C____A__N__,((3, 7), (2, 7)),-1
_____ab__n__ka___________R___________P____p____p_r_c_______N__n____B__p____K___C____A__N__,((2, 3), (1, 4)),-1
_____ab__n__ka_______________________P____p____p_r_c_______N_Rn____B__p____K___C____A__N__,((2, 7), (6, 7)),-1
_____ab__n__ka_______________________P____p____pr__c_______N_Rn____B__p____K___C____A__N__,((5, 4), (5, 3)),-1
_____ab__n__ka_______________________P____p____pr__c_______N_Rn____B__N____K___C____A_____,((9, 6), (7, 7)),-1
_____ab_____ka______________n________P____p____pr__c_______N_Rn____B__N____K___C____A_____,((1, 0), (3, 1)),-1
_____ab_____ka______________n________P____p____pr__c_______N_Rn___KB__N________C____A_____,((8, 3), (7, 3)),-1
_____a______ka________b_____n________P____p____pr__c_______N_Rn___KB__N________C____A_____,((0, 6), (2, 4)),-1
_____a______ka________b_____n________P__N_p____pr__c_________Rn___KB__N________C____A_____,((6, 5), (4, 4)),-1
_____a______ka________b_____n________P__N_p____pr___________cRn___KB__N________C____A_____,((5, 6), (6, 6)),-1
_____a______ka________b_____n_________P_N_p____pr___________cRn___KB__N________C____A_____,((4, 1), (4, 2)),-1
_____a______ka________b_____n_________P_N_p____pr___________cR____KB__N________n____A_____,((6, 8), (8, 7)),-1
_____a______ka_______Nb_____n_________P___p____pr___________cR____KB__N________n____A_____,((4, 4), (2, 3)),-1
_____a______ka_______Nb_____n_________P___p____p_____r______cR____KB__N________n____A_____,((5, 3), (5, 8)),-1
_____a______ka_______Nb_____n_________P___p____p____Rr______c_____KB__N________n____A_____,((6, 7), (5, 7)),-1
_____a______ka_______Nb_____n_________P___p_____p___Rr______c_____KB__N________n____A_____,((5, 2), (5, 3)),-1
_____a______ka_______Nb_____n_________P___p_____pR___r______c_____KB__N________n____A_____,((5, 7), (5, 4)),-1
_____a______ka_______Nb_____n_________P___p_____pR__________c_r___KB__N________n____A_____,((5, 8), (6, 8)),-1
_____a______ka_______Nb_____n_________P___p_____R___________c_r___KB__N________n____A_____,((5, 4), (5, 3)),-1
_____a__r___ka_______Nb_____n_________P___p_____R___________c_____KB__N________n____A_____,((6, 8), (0, 8)),-1
_____a__r___ka_______Nb_____n_________PR__p_________________c_____KB__N________n____A_____,((5, 3), (4, 3)),-1
_____a__r___ka_______Nb_____n_________PR___________p________c_____KB__N________n____A_____,((4, 6), (5, 6)),-1
_____a__r___ka_______Nb_____nP_________R___________p________c_____KB__N________n____A_____,((4, 2), (3, 2)),-1
_____a__r____a_______kb_____nP_________R___________p________c_____KB__N________n____A_____,((1, 3), (2, 3)),-1
_____a__r____a______Pkb_____n__________R___________p________c_____KB__N________n____A_____,((3, 2), (2, 2)),-1
___a_a__r___________Pkb_____n__________R___________p________c_____KB__N________n____A_____,((1, 4), (0, 3)),-1
___a_a__r___________Pkb_____n______________R_______p________c_____KB__N________n____A_____,((4, 3), (4, 7)),-1
___a_a__r___________Pk______n_________b____R_______p________c_____KB__N________n____A_____,((2, 4), (4, 2)),-1
___a_a__r__________P_k______n_________b____R_______p________c_____KB__N________n____A_____,((2, 2), (2, 1)),-1
___a_a_____________P_k______n_________b____R_______p________c_r___KB__N________n____A_____,((0, 8), (6, 8)),-1
___a_a_____________P_k______n_________b____________pR_______c_r___KB__N________n____A_____,((4, 7), (5, 7)),-1
___a_a_____________P_k______n_________b____________pR_________r___KB__N_______cn____A_____,((6, 6), (8, 6)),-1
___a_a______________Pk______n_________b____________pR_________r___KB__N_______cn____A_____,((2, 1), (2, 2)),-1
___a_a______________Pk____r_n_________b____________pR_____________KB__N_______cn____A_____,((6, 8), (2, 8)),-1
___a_a_____________P_k____r_n_________b____________pR_____________KB__N_______cn____A_____,((2, 2), (2, 1)),-1
___a_a_____________P_kb___r_n______________________pR_____________KB__N_______cn____A_____,((4, 2), (2, 4)),-1
___a_a_____________P_kb___r_n______________________p_________R____KB__N_______cn____A_____,((5, 7), (6, 7)),-1
-----------
