rnbakabnr__________c_____c_p_p_p_p_p__________________P_P_P_P_P_C______________C_RNBAKABNR,((7, 7), (8, 7)),1
rnbakabn_________r_c_____c_p_p_p_p_p__________________P_P_P_P_P_C______________C_RNBAKABNR,((0, 8), (1, 8)),1
rnbakabn_________r_c_____c_p_p_p_p_p__________________P_P_P_P_P_C___________A__C_RNBAK_BNR,((9, 5), (8, 4)),1
rnbakabn_________r___c___c_p_p_p_p_p__________________P_P_P_P_P_C___________A__C_RNBAK_BNR,((2, 1), (2, 3)),1
rnbakabn_________r___c___c_p_p_p_p_p__________________P_P_P_P_P_C___A__________C_RNBAK_BNR,((8, 4), (7, 5)),1
rnbakabn_________r___c_____p_p_p_p_p__________________P_P_P_P_P_C___A_c________C_RNBAK_BNR,((2, 7), (7, 7)),1
rnbakabn_________r___c_____p_p_p_p_p__________________P_P_P_P_P_C___A_c_______C__RNBAK_BNR,((8, 7), (8, 6)),1
rnbakabn_________r___c_____p_p_p_p_p__________________P_P_P_P_P_C___Ac________C__RNBAK_BNR,((7, 7), (7, 6)),1
rnbakabn_________r___c_____p_p_p_p_p__________________P_P_P_P_P_C__BAc________C__RN_AK_BNR,((9, 2), (7, 4)),1
rnbakabn_________r____c____p_p_p_p_p__________________P_P_P_P_P_C__BAc________C__RN_AK_BNR,((2, 3), (2, 4)),1
rnbakabn_________r____c____pCp_p_p_p__________________P_P_P_P_P____BAc________C__RN_AK_BNR,((7, 1), (3, 1)),1
rnba_abn_____k___r____c____pCp_p_p_p__________________P_P_P_P_P____BAc________C__RN_AK_BNR,((0, 4), (1, 4)),1
rnba_abn_____k___r_C__c____p_p_p_p_p__________________P_P_P_P_P____BAc________C__RN_AK_BNR,((3, 1), (2, 1)),1
rn_a_abn_____k___rbC__c____p_p_p_p_p__________________P_P_P_P_P____BAc________C__RN_AK_BNR,((0, 2), (2, 0)),1
rn_a_abn_____k___rb___c____p_p_p_p_p__________________P_P_P_P_P_C__BAc________C__RN_AK_BNR,((2, 1), (7, 1)),1
rn_a_abn_____k___rbc_______p_p_p_p_p__________________P_P_P_P_P_C__BAc________C__RN_AK_BNR,((2, 4), (2, 1)),1
rn_a_abn_____k___rbc_______pCp_p_p_p__________________P_P_P_P_P____BAc________C__RN_AK_BNR,((7, 1), (3, 1)),1
rn_a_abn_____k___rbc_______pCp_p_p_p__________________P_P_P_P_P____BA__c______C__RN_AK_BNR,((7, 6), (7, 8)),1
rn_a_abn_____k___rbc_______pCp_p_p_p__________________P_P_P_P_P____BA__N______C__RN_AK_B_R,((9, 7), (7, 8)),1
rn_a_a_n_____k___rbc__b____pCp_p_p_p__________________P_P_P_P_P____BA__N______C__RN_AK_B_R,((0, 6), (2, 4)),1
rn_a_a_n_____k___rbc__b____pCp_p_p_p__________________P_P_P_P_P____BA_________C__RN_AK_BNR,((7, 8), (9, 7)),1
rn_a_a_n_____kr___bc__b____pCp_p_p_p__________________P_P_P_P_P____BA_________C__RN_AK_BNR,((1, 8), (1, 5)),1
rn_a_a_n_____kr___bc__b____pCp_p_p_p__________________P_P_P_P_P____BA__N______C__RN_AK_B_R,((9, 7), (7, 8)),1
rn_a_a_n_____k____bc__b____pCp_p_p_p_____r____________P_P_P_P_P____BA__N______C__RN_AK_B_R,((1, 5), (4, 5)),1
rn_a_a_n_____k____bc__b____pCp_p_p_p_____r____________P_P_P_P_P____BA_________C__RN_AK_BNR,((7, 8), (9, 7)),1
rn_a_a_n____k_____bc__b____pCp_p_p_p_____r____________P_P_P_P_P____BA_________C__RN_AK_BNR,((1, 4), (1, 3)),1
rn_a_a_n____k_____bc__b____pCp_p_p_p_____r____________P_P_P_P_P____BA__N______C__RN_AK_B_R,((9, 7), (7, 8)),1
rn_a_a_n____k_____bc__b_____Cp_p_p_pp____r____________P_P_P_P_P____BA__N______C__RN_AK_B_R,((3, 0), (4, 0)),1
rn_a_a_n____k_____bc__b_____Cp_p_p_pp____r____________P_P_P_P_P____BA_________C__RN_AK_BNR,((7, 8), (9, 7)),1
rn_a___n____ka____bc__b_____Cp_p_p_pp____r____________P_P_P_P_P____BA_________C__RN_AK_BNR,((0, 5), (1, 4)),1
rn_a___n____ka____bc__b_____Cp_p_p_pp____r____________P_P_P_P_P____BA__N______C__RN_AK_B_R,((9, 7), (7, 8)),1
rn_a___n____k_____bc__ba____Cp_p_p_pp____r____________P_P_P_P_P____BA__N______C__RN_AK_B_R,((1, 4), (2, 5)),1
rn_a___n____k_____bc__ba____Cp_p_p_pp____r____________P_P_P_P_P____BA_________C__RN_AK_BNR,((7, 8), (9, 7)),1
rn_a________k_n___bc__ba____Cp_p_p_pp____r____________P_P_P_P_P____BA_________C__RN_AK_BNR,((0, 7), (1, 5)),1
rn_a________k_n___bc__ba____Cp_p_p_pp____r____________P_P_P_P_P____BA__N______C__RN_AK_B_R,((9, 7), (7, 8)),1
rn_a________k_n___bc__ba____Cp_p_p_pp_________________P_P_PrP_P____BA__N______C__RN_AK_B_R,((4, 5), (6, 5)),1
rn_a________k_n___bc__ba____Cp_p_p_pp_________________P_P_PrP_P____BA_________C__RN_AK_BNR,((7, 8), (9, 7)),1
rn_a________k_____bc_nba____Cp_p_p_pp_________________P_P_PrP_P____BA_________C__RN_AK_BNR,((1, 5), (2, 3)),1
rn_a________k_____bc_nba____Cp_p_p_pp_________________P_P_PrP_P____BA__N______C__RN_AK_B_R,((9, 7), (7, 8)),1
rn_a______n_k_____bc__ba____Cp_p_p_pp_________________P_P_PrP_P____BA__N______C__RN_AK_B_R,((2, 3), (1, 1)),1
rn_a______n_k_____bc__ba____Cp_p_p_pp_________________P_P_PrP_P____BA_________C__RN_AK_BNR,((7, 8), (9, 7)),1
rn_a______n_k_____bc__ba____Cp_p_p_pp_________________P_P_P_P_P____Br_________C__RN_AK_BNR,((6, 5), (7, 5)),1
rn_a______C_k_____bc__ba_____p_p_p_pp_________________P_P_P_P_P____Br_________C__RN_AK_BNR,((3, 1), (1, 1)),1
rn_a______C_k_____bc__ba_____p_p_p_p_________p________P_P_P_P_P____Br_________C__RN_AK_BNR,((4, 0), (5, 0)),1
rn_a______C_k_____bc__ba_____p_p_p_p_________p________P_P_P_P_P____Br__N______C__RN_AK_B_R,((9, 7), (7, 8)),1
rn_a______C_k_____bc__ba_____p_p_p__________pp________P_P_P_P_P____Br__N______C__RN_AK_B_R,((3, 8), (4, 8)),1
rn_a______C_k_____bc__ba_____p_p_p__________pp________P_P_P_P_P____Br_________C__RN_AK_BNR,((7, 8), (9, 7)),1
rn_a______C_k_____b___ba_____p_p_p___c______pp________P_P_P_P_P____Br_________C__RN_AK_BNR,((2, 1), (4, 1)),1
rn_a______C_k_____b___ba_____p_p_p___c______pp________P_P_P_P_P____Br__N______C__RN_AK_B_R,((9, 7), (7, 8)),1
rn_a______C_k_____b___ba_____p_p_p___c______pp________P_P_PrP_P____B___N______C__RN_AK_B_R,((7, 5), (6, 5)),1
rn_a______C_k_____b___ba_____p_p_p___c______pp________P_P_PrP_P____B__________C__RN_AK_BNR,((7, 8), (9, 7)),1
rn_a______C_k_____b___ba_____p_p_p________c_pp________P_P_PrP_P____B__________C__RN_AK_BNR,((4, 1), (4, 6)),1
rn_a______C_k_____b___ba_____p_p_p________c_pp________P_P_PrP_P____B___N______C__RN_AK_B_R,((9, 7), (7, 8)),1
rn_a______C_k_____b___ba_____p_prp________c_pp________P_P_P_P_P____B___N______C__RN_AK_B_R,((6, 5), (3, 5)),1
rn_a______C_k_____b___ba_____p_prp________c_pp________P_P_P_P_P____B__________C__RN_AK_BNR,((7, 8), (9, 7)),1
rn_a______C_k_____b____a_____p_prp____b___c_pp________P_P_P_P_P____B__________C__RN_AK_BNR,((2, 4), (4, 2)),1
rn_a______C_k_____b____a_____p_prp____b___c_pp________P_P_P_P_P____B___N______C__RN_AK_B_R,((9, 7), (7, 8)),1
rn_a______C_k_____b____a_____p_prp____bc____pp________P_P_P_P_P____B___N______C__RN_AK_B_R,((4, 6), (4, 3)),1
rn_a______C_k_____b____a_____p_prp____bc____pp________P_P_P_P_P____B__________C__RN_AK_BNR,((7, 8), (9, 7)),1
rn_a______C_k_____b____a_____p_prp____b_c___pp________P_P_P_P_P____B__________C__RN_AK_BNR,((4, 3), (4, 4)),1
rn_a______C_k_____b____a_____p_prp____b_c___pp________P_P_P_P_P____B___N______C__RN_AK_B_R,((9, 7), (7, 8)),1
rn_a______C_k_____b____a_____p_prp____b_c___p_________p_P_P_P_P____B___N______C__RN_AK_B_R,((5, 0), (6, 0)),1
rn_a______C_k_____b____a_____p_prp____b_c___p_________R_P_P_P_P____B___N______C___N_AK_B_R,((9, 0), (6, 0)),1
rn_a______C_k_____b____a_____p_p_p____b_c___p_________R_P_P_P_P____Br__N______C___N_AK_B_R,((3, 5), (7, 5)),1
rn_a______C_k_____R____a_____p_p_p____b_c___p___________P_P_P_P____Br__N______C___N_AK_B_R,((6, 0), (2, 0)),1
rn_a______C_k_____R____a_____p_p_p____b___c_p___________P_P_P_P____Br__N______C___N_AK_B_R,((4, 4), (4, 6)),1
rn_a______C_k__________a_____p_p_p____b___c_pR__________P_P_P_P____Br__N______C___N_AK_B_R,((2, 0), (5, 0)),1
rn_a______C_k__________a_____p_p_p____b___c_pR__________P_PrP_P____B___N______C___N_AK_B_R,((7, 5), (6, 5)),1
rn_a______C_k__________a_____p_p_p__R_b___c_p___________P_PrP_P____B___N______C___N_AK_B_R,((5, 0), (4, 0)),1
_n_a______C_k__________a___r_p_p_p__R_b___c_p___________P_PrP_P____B___N______C___N_AK_B_R,((0, 0), (3, 0)),1
_n_a______C_k__________a___r_p_p_p__R_b___c_p___________P_PrP_P____B__________C___N_AK_BNR,((7, 8), (9, 7)),1
_n_a______C_k__________a___r_p_p_p__R_b___c_p___________P_P_P_P____B_________rC___N_AK_BNR,((6, 5), (8, 5)),1
_n_a______C_k__________a___r_p_p_p__R_b___c_p___________P_P_P_P____B___N_____rC___N_AK_B_R,((9, 7), (7, 8)),1
_n_a______C_k__________a___r_p_p_p__R_b___c_p___________P_P_P_P____B___N___r__C___N_AK_B_R,((8, 5), (8, 3)),1
_n_a______C_k__________a___r_p_p_p__R_b___c_p___________P_P_P_P____B_______r__C___N_AK_BNR,((7, 8), (9, 7)),1
_n_a______C_ka_____________r_p_p_p__R_b___c_p___________P_P_P_P____B_______r__C___N_AK_BNR,((2, 5), (1, 4)),1
_n_a________kC_____________r_p_p_p__R_b___c_p___________P_P_P_P____B_______r__C___N_AK_BNR,((1, 1), (1, 4)),1
___a________kC______n______r_p_p_p__R_b___c_p___________P_P_P_P____B_______r__C___N_AK_BNR,((0, 1), (2, 2)),1
___a________kC______n______r_p_p_p__R_b___c_p___________P_P_P_P____B___N___r__C___N_AK_B_R,((9, 7), (7, 8)),1
___a________kC______n______r_p_p_p__R_b___c_p___________P_P_P_P____B___N_____rC___N_AK_B_R,((8, 3), (8, 5)),1
___a________kC______n______r_p_p_p__R_b___c_p___________P_P_P_P____B_________rC___N_AK_BNR,((7, 8), (9, 7)),1
___a________kC______n______r_p_p_p__R_b___c_p___________P_P_P_P____B_____r____C___N_AK_BNR,((8, 5), (8, 1)),1
___a________k__C____n______r_p_p_p__R_b___c_p___________P_P_P_P____B_____r____C___N_AK_BNR,((1, 4), (1, 6)),1
___a________k__C____n______r_p_p_p__R_b_____p___________P_P_P_P____B_____r____c___N_AK_BNR,((4, 6), (8, 6)),1
___a__C_____k_______n______r_p_p_p__R_b_____p___________P_P_P_P____B_____r____c___N_AK_BNR,((1, 6), (0, 6)),1
___a__C_____k_______n______r_p_p_p__Rrb_____p___________P_P_P_P____B__________c___N_AK_BNR,((8, 1), (4, 1)),1
___a________k_______n___C__r_p_p_p__Rrb_____p___________P_P_P_P____B__________c___N_AK_BNR,((0, 6), (2, 6)),1
___a_________k______n___C__r_p_p_p__Rrb_____p___________P_P_P_P____B__________c___N_AK_BNR,((1, 3), (1, 4)),1
___a_________k_C____n______r_p_p_p__Rrb_____p___________P_P_P_P____B__________c___N_AK_BNR,((2, 6), (1, 6)),1
___a_________k_C____n______r_p_p_p__Rrb_____p___________P_P_P_P____B______c_______N_AK_BNR,((8, 6), (8, 2)),1
___a__C______k______n______r_p_p_p__Rrb_____p___________P_P_P_P____B______c_______N_AK_BNR,((1, 6), (0, 6)),1
___a__C______k______n________p_p_p__rrb_____p___________P_P_P_P____B______c_______N_AK_BNR,((3, 0), (4, 0)),1
___a_________k______n___C____p_p_p__rrb_____p___________P_P_P_P____B______c_______N_AK_BNR,((0, 6), (2, 6)),1
___a_________k__________C__n_p_p_p__rrb_____p___________P_P_P_P____B______c_______N_AK_BNR,((2, 2), (3, 0)),1
___a_________k_C___________n_p_p_p__rrb_____p___________P_P_P_P____B______c_______N_AK_BNR,((2, 6), (1, 6)),1
___a_________k_C___________n_p_p_p__rrb_____p___________P_P_P_P____B____________c_N_AK_BNR,((8, 2), (8, 8)),1
___a__C______k_____________n_p_p_p__rrb_____p___________P_P_P_P____B____________c_N_AK_BNR,((1, 6), (0, 6)),1
___a__C______k_____________n_p_p_p__rrb_____p___________P_P_P_P____B______c_______N_AK_BNR,((8, 8), (8, 2)),1
___a_________k__________C__n_p_p_p__rrb_____p___________P_P_P_P____B______c_______N_AK_BNR,((0, 6), (2, 6)),1
___a_________k________b_C__n_p_p_p__rr______p___________P_P_P_P____B______c_______N_AK_BNR,((4, 2), (2, 4)),1
___a_________k_C______b____n_p_p_p__rr______p___________P_P_P_P____B______c_______N_AK_BNR,((2, 6), (1, 6)),1
___ak__________C______b____n_p_p_p__rr______p___________P_P_P_P____B______c_______N_AK_BNR,((1, 4), (0, 4)),1
___ak______C__________b____n_p_p_p__rr______p___________P_P_P_P____B______c_______N_AK_BNR,((1, 6), (1, 2)),1
___ak______C__________b____n_p_p_p__r_______p__________rP_P_P_P____B______c_______N_AK_BNR,((4, 1), (6, 1)),1
___ak_________C_______b____n_p_p_p__r_______p__________rP_P_P_P____B______c_______N_AK_BNR,((1, 2), (1, 5)),1
___ak_________C_______b____n_p_p_p__r_______p_r_________P_P_P_P____B______c_______N_AK_BNR,((6, 1), (5, 1)),1
___ak____________C____b____n_p_p_p__r_______p_r_________P_P_P_P____B______c_______N_AK_BNR,((1, 5), (1, 8)),1
___ak____________C____b____n_p_p_p__r_______p____r______P_P_P_P____B______c_______N_AK_BNR,((5, 1), (5, 4)),1
___ak____C____________b____n_p_p_p__r_______p____r______P_P_P_P____B______c_______N_AK_BNR,((1, 8), (1, 0)),1
___ak____C____________b____n___p_p__r_p_____p____r______P_P_P_P____B______c_______N_AK_BNR,((3, 2), (4, 2)),1
C__ak_________________b____n___p_p__r_p_____p____r______P_P_P_P____B______c_______N_AK_BNR,((1, 0), (0, 0)),1
C__ak_______________n_b________p_p__r_p_____p____r______P_P_P_P____B______c_______N_AK_BNR,((3, 0), (2, 2)),1
-----------
